reference: 1.100000 7.174636 6.652945 0.014567 ... 7.895224 4.125421
   result: 1.100000 7.174636 6.652945 0.014567 ... 7.895224 4.125421
total error: 0.000000
  reference: -7.607183 at (42)
     result: -7.607183 at (42)
