Time: 3, 1.400000e-11 
Check: 3:  0.000000 0.000000 0.000000 
Time: 2, 2.240000e-11 
Check: 2:  0.000000 0.000000 0.000000 
Time: 1, 2.825312e-05 
Check: 1:  0.000000 0.000000 0.000000 
Time: 0, 2.821611e-05 
Check: 0: H 5.652556 5.423025 6.144955 
