Time: 3, 1.480000e-11 
Check: 3:  0.000000 0.000000 0.000000 
Time: 2, 1.600000e-11 
Check: 2:  0.000000 0.000000 0.000000 
Time: 0, 1.610144e-06 
Check: 0: Xe 5.652556 5.423025 6.144955 
Time: 1, 1.615912e-06 
Check: 1: Xe 5.652556 5.423025 6.144955 
