Time: 3, 1.340000e-11 
Check: 3:  0.000000 0.000000 0.000000 
Time: 2, 1.400000e-11 
Check: 2:  0.000000 0.000000 0.000000 
Time: 1, 5.190884e-06 
Check: 1: H 5.652556 5.423025 6.144955 
Time: 0, 5.178475e-06 
Check: 0: H 5.652556 5.423025 6.144955 
